{"metrics": ["iopsRead", "iopsWrite", "throughputRead", "throughputWrite", "latencyAvgRead", "latencyAvgWrite"], "ppCfgList": [{"inplace": true, "metrics": null, "prepared": true, "version": "1.0.0", "mean": "{\"iopsRead\":1052.1583558808,\"iopsWrite\":778.2778886671,\"throughputRead\":56842396.3603947684,\"throughputWrite\":25130680.0383100472,\"latencyAvgRead\":1709.4274828122,\"latencyAvgWrite\":3087.5898144452,\"oio\":41.014733496,\"congestion\":0.2681540622}", "std": "{\"iopsRead\":3064.6653618838,\"iopsWrite\":1020.625585266,\"throughputRead\":139103731.5935652554,\"throughputWrite\":35173479.1751880497,\"latencyAvgRead\":3940.0838586758,\"latencyAvgWrite\":7205.2590499599,\"oio\":57.1016180327,\"congestion\":2.0890411796}", "preprocessingMethodName": "Standardization"}, {"inplace": true, "metrics": null, "prepared": true, "version": "1.0.0", "epsilon": 0.001, "preprocessingMethodName": "RemoveZero"}], "version": "1.0.0", "threshold": 8.200000000000001, "evaluator": {"beta": 1, "evaluatorClassName": "FScoreEvaluator"}, "optimizePercentile": 90, "svd": {"u": [[-0.36736673894339256, 0.1768682130780513, 0.5683826674302962, 0.4370611421759566, -0.5557993355151846, -0.1037550689182092], [-0.4975774242377446, 0.3101644932051197, -0.3006074126572526, -0.4235689019251079, -0.31315411313881825, 0.5370044359644102], [-0.467677816471583, -0.05526018459381194, 0.4960984154001213, -0.08473068123438873, 0.6924292350043457, 0.2132430547177842], [-0.5819751921405931, -0.047772656407014585, -0.3686675411443797, -0.0576999407311884, 0.08081623911237469, -0.716412133813103], [-0.02225812430885397, -0.6991584748606071, 0.2967097346207583, -0.5562568325624343, -0.32682632099401826, -0.08005141127578189], [-0.24401905176148314, -0.6151074171934966, -0.341336002416473, 0.5564500948392298, -0.014718898656565973, 0.3684208831229087]], "s": [1287787.738963724, 804262.1878229182, 766079.9658396966, 554510.9495753013, 392526.0573454699, 252927.10045319443], "vt": [[-0.3673667389433927, -0.4975774242377441, -0.4676778164715827, -0.5819751921405928, -0.02225812430885395, -0.24401905176148295], [0.17686821307805117, 0.31016449320511935, -0.055260184593811976, -0.04777265640701449, -0.6991584748606069, -0.6151074171934964], [0.5683826674302965, -0.3006074126572523, 0.4960984154001214, -0.3686675411443799, 0.29670973462075817, -0.3413360024164728], [0.4370611421759569, -0.4235689019251078, -0.08473068123438877, -0.05769994073118824, -0.5562568325624342, 0.5564500948392298], [-0.5557993355151846, -0.3131541131388188, 0.6924292350043453, 0.08081623911237554, -0.3268263209940182, -0.014718898656566184], [-0.10375506891821, 0.5370044359644095, 0.21324305471778512, -0.7164121338131029, -0.0800514112757824, 0.3684208831229089]], "mean": [[2.5549492620219764e-17, 9.749148499820699e-18, -1.445563398249276e-17, -3.244113207698957e-17, 4.672867729224404e-17, 3.9668949068235947e-17]], "rows": 676350}, "offset": 0.5, "algorithmName": "PcaAlgorithm"}