{"metrics": ["iopsRead", "iopsWrite", "throughputRead", "throughputWrite", "latencyAvgRead", "latencyAvgWrite", "oio", "congestion"], "ppCfgList": [{"inplace": true, "metrics": null, "prepared": true, "version": "1.0.0", "mean": "{\"iopsRead\":1052.1583558808,\"iopsWrite\":778.2778886671,\"throughputRead\":56842396.3603947684,\"throughputWrite\":25130680.0383100472,\"latencyAvgRead\":1709.4274828122,\"latencyAvgWrite\":3087.5898144452,\"oio\":41.014733496,\"congestion\":0.2681540622}", "std": "{\"iopsRead\":3064.6653618838,\"iopsWrite\":1020.625585266,\"throughputRead\":139103731.5935652554,\"throughputWrite\":35173479.1751880497,\"latencyAvgRead\":3940.0838586758,\"latencyAvgWrite\":7205.2590499599,\"oio\":57.1016180327,\"congestion\":2.0890411796}", "preprocessingMethodName": "Standardization"}, {"inplace": true, "metrics": null, "prepared": true, "version": "1.0.0", "epsilon": 0.001, "preprocessingMethodName": "RemoveZero"}], "version": "1.0.0", "threshold": 2.2, "evaluator": {"beta": 1, "evaluatorClassName": "FScoreEvaluator"}, "optimizePercentile": 90, "svd": {"u": [[-0.24255893414335844, 0.3516598032264187, 0.3855290047339999, -0.5948589415466283, -0.1251785530696157, 0.49468590465543083, -0.18729808086540226, 0.1398083936092638], [-0.3446884889585747, 0.46475302952476494, -0.208633104835019, 0.42569353599901827, 0.21779353889223926, 0.314801697147333, -0.16262827068022961, -0.5171746509333871], [-0.41251080716702554, 0.13857665221278875, 0.4618071524438422, -0.11897495286903502, 0.08654548247755134, -0.5218869376051187, 0.45573061684588956, -0.30929592409627615], [-0.4924735152453345, 0.18266789370966463, -0.29303967070321496, 0.2196226627330665, -0.10889169280077995, 0.05098556978558571, 0.3783219055976962, 0.6575800494657013], [-0.15111212574681593, -0.5679805307019048, 0.3673663863550858, 0.22459033920019414, 0.40852306475768946, 0.49710037386789563, 0.23316365697783634, 0.028269998873607975], [-0.31931090237521226, -0.4279833293081474, -0.3187420190450841, -0.19913293191074383, -0.5972380678546545, 0.17857595328971163, 0.1586817464667275, -0.399822261426892], [-0.48176086566409204, -0.2791884121233093, 0.18746500901279622, 0.18529841971550512, -0.08445576508336133, -0.29462647306798395, -0.7088649952379278, 0.15509528856627353], [-0.22972118141389433, -0.1550844077444323, -0.4868304153284535, -0.5273598868818479, 0.6219578784614813, -0.12416654869076553, -0.07495896226076983, -0.014032864502962147]], "s": [1603711.9883026453, 915103.3941983206, 842518.3262024032, 620733.7477724182, 489640.01643339323, 416192.46058252524, 271069.54815128254, 251822.51836012708], "vt": [[-0.24255893414335847, -0.34468848895857457, -0.41251080716702554, -0.49247351524533467, -0.151112125746816, -0.31931090237521237, -0.48176086566409215, -0.22972118141389444], [0.3516598032264186, 0.46475302952476505, 0.13857665221278875, 0.18266789370966474, -0.5679805307019048, -0.42798332930814764, -0.27918841212330925, -0.1550844077444327], [0.38552900473400004, -0.2086331048350186, 0.4618071524438419, -0.2930396707032147, 0.3673663863550853, -0.3187420190450841, 0.18746500901279567, -0.48683041532845317], [-0.5948589415466289, 0.42569353599901794, -0.11897495286903478, 0.2196226627330667, 0.22459033920019397, -0.19913293191074377, 0.1852984197155051, -0.5273598868818473], [-0.12517855306961578, 0.21779353889223912, 0.0865454824775515, -0.10889169280077991, 0.40852306475768935, -0.5972380678546547, -0.08445576508336125, 0.6219578784614814], [0.4946859046554306, 0.314801697147333, -0.5218869376051184, 0.05098556978558568, 0.49710037386789546, 0.17857595328971157, -0.294626473067984, -0.12416654869076524], [-0.18729808086540226, -0.16262827068022975, 0.45573061684588956, 0.3783219055976962, 0.23316365697783642, 0.15868174646672753, -0.7088649952379279, -0.07495896226076973], [0.139808393609264, -0.5171746509333877, -0.30929592409627615, 0.6575800494657015, 0.02826999887360811, -0.39982226142689226, 0.15509528856627336, -0.014032864502962327]], "mean": [[2.5549492620219764e-17, 9.749148499820699e-18, -1.445563398249276e-17, -3.244113207698957e-17, 4.672867729224404e-17, 3.9668949068235947e-17, -1.546416658592249e-17, -9.076793430867548e-18]], "rows": 676350}, "offset": 0.5, "algorithmName": "PcaAlgorithm"}